=== 函数式双 AI 本地模式 ===
策略: aggressive, 棋盘: ./BoardCase/case1.txt
Width: 20, Height: 20
游戏初始化完成，开始游戏！

当前棋盘:
    0  1  2  3  4  5  6  7  8  9 10 11 12 13 14 15 16 17 18 19 

 0  1  1  1  1  1  1  1  1  1  1  1  1  1  1  1  1  1  1  1  1 
 1  1  1  1  1  1  1  1  1  1  1  1  1  1  1  1  1  1  1  1  1 
 2  1  1  1  1  1  1  1  1  1  1  1  1  1  1  1  1  1  1  1  1 
 3  1  1  1  1  1  1  1  1  1  1  1  1  1  1  1  1  1  1  1  1 
 4  1  1  1 ## ##  1  1  1  1  1  1  1  1  1  1  1  1  1  1  1 
 5  1  1  3  0 ##  1  1  1  1  1  1  1  1  1  1  1  1  1  1  1 
 6  1  1  1  1  1  1  1  1  1  1  1  1  1  1  1  1  1  1  1  1 
 7  1  1  1  1  1  1  1  1  1  1  1  1  1  1  1  1  1  1  1  1 
 8  1  1  1  1  1  1  1  1  1  1  1  1  1  1  1  1  1  1  1  1 
 9  1  1  1  1  1  1  1  1  1  1  1  1  1  1  1  1  1  1  1  1 
10  1  1  1  1  1  1  1  1  1  1  1  1  1  1  1  1  1  1  1  1 
11  1  1  1  1  1  1  1  1  1  1  1  1  1  1  1  1  1  1  1  1 
12  1  1  1  1  1  1  1  1  1  1  1  1  1  1  1  1  1  1  1  1 
13  1  1  1  1  1  1  1  1  1  1  1  1  1  1  1  1  1  1  1  1 
14  1  1  1  1  1  1  1  1  1  1  1  1  1  1  2 ##  5  4  1  1 
15  1  1  1  1  1  1  1  1  1  1  1  1  1  1  1 ## ##  1  1  1 
16  1  1  1  1  1  1  1  1  1  1  1  1  1  1  1  1 ## ## ##  1 
17  1  1  1  1  1  1  1  1  1  1  1  1  1  1  1  1 ## ## ##  1 
18  1  1  1  1  1  1  1  1  1  1  1  1  1  1  1  1 ##  1 ##  1 
19  1  1  1  1  1  1  1  1  1  1  1  1  1  1  1  1  1  1 ##  1 


===== 回合 1 =====
当前行动棋子: ID=0, 玩家=1
游戏运行出错: name 'current_piece' is not defined
